3.548940 
18.115997 
25.554657 
28.020604 
34.492493 
37.828827 
43.325043 
47.795868 
54.803594 
59.278997 
61.577479 
64.551544 
67.032878 
72.129186 
77.456665 
78.701782 
86.959585 
93.426259 
107.198970 
110.634740 
116.477839 
125.596619 
130.205536 
134.038162 
135.999425 
139.122264 
142.406464 
144.627508 
3.548940 
18.115997 
25.554657 
28.020604 
34.492493 
37.828827 
43.325043 
47.795868 
54.803594 
59.278997 
61.577479 
64.551544 
67.032878 
72.129186 
77.456665 
78.701782 
86.959585 
93.426259 
107.198970 
110.634740 
116.477839 
125.596619 
130.205536 
134.038162 
135.999425 
139.122264 
142.406464 
144.627508 
3.548940 
18.115997 
25.554657 
28.020604 
34.492493 
37.828827 
43.325043 
47.795868 
54.803594 
59.278997 
61.577479 
64.551544 
67.032878 
72.129186 
77.456665 
78.701782 
86.959585 
93.426259 
107.198970 
110.634740 
116.477839 
125.596619 
130.205536 
134.038162 
135.999425 
139.122264 
142.406464 
144.627508 
